5614 24 1239
5710 66 3309
5564 139 6969
5497 55 2758
5933 99 4996
5933 100 5027
5935 12 641
5606 98 4947
5606 99 4992
5385 186 9341
5462 55 2788
5499 44 2210
5216 79 3979
5923 4 241
5897 29 1490
5437 135 6754
5229 14 710
5891 123 6160
5933 83 4173
5933 180 9007
5169 193 9656
5280 100 5001
5157 62 3115
5933 110 5501
5452 42 2131
5272 78 3920
5470 79 3951
5512 114 5750
5938 59 2961
5262 138 6911
5262 161 8055
5508 120 6049
5518 19 951
5767 173 8689
5906 127 6391
5527 47 2358
5436 100 5010
5164 76 3839
5512 163 8157
5772 5 297
5331 152 7621
5331 153 7700
5940 37 1874
5155 91 4596
5384 114 5744
5412 44 2228
5845 26 1327
5361 136 6818
5233 103 5185
5195 13 682
5273 154 7720
5710 15 799
5597 35 1763
5499 76 3847
5831 30 1522
5832 171 8579
5899 4 211
5733 8 410
5179 149 7473
5425 34 1725
5765 18 909
5171 46 2341
5411 94 4739
5581 10 520
5204 121 6054
5829 1 99
5154 114 5718
5382 188 9423
5564 132 6629
5521 53 2682
5365 20 1038
5832 86 4347
5849 2 112
5705 119 5954
5891 120 6050
5361 104 5245
5361 105 5284
5462 46 2315
5567 18 938
5762 176 8802
5151 68 3450
5433 36 1831
5741 41 2057
5382 57 2851
5179 165 8295
5819 77 3895
5691 27 1381
5849 13 660
5823 45 2287
5340 27 1362
5462 76 3850
5343 11 578
5776 40 2005
5125 18 943
5262 2 139
5617 15 780
5767 201 10078
5155 21 1063
5155 21 1064
5832 135 6778
5151 148 7413
5918 39 1992
5176 7 400
5127 14 745
5208 9 500
5501 64 3228
5724 18 926
5932 27 1370
5169 159 7989
5765 33 1689
5765 33 1696
5914 40 2019
5138 7 397
5157 101 5062
5370 125 6278
5932 11 589
5425 31 1559
5586 80 4005
5384 84 4236
5273 38 1921
5191 66 3306
5371 11 593
5151 114 5745
5278 63 3186
5897 7 385
5822 5 256
5146 18 906
5216 48 2401
5364 144 7235
5364 145 7273
5155 27 1354
5522 25 1290
5187 134 6716
5168 0 30
5167 25 1297
5273 108 5405
5758 92 4646
5440 24 1220
5489 64 3236
5564 170 8527
5566 2 125
5808 39 1952
5586 203 10181
5558 51 2571
5564 208 10414
5155 32 1610
5567 3 196
5541 17 892
5167 15 776
5783 49 2493
5777 9 489
5418 73 3665
5169 187 9383
5191 19 986
5557 51 2573
5921 25 1277
5127 8 421
5452 47 2361
5564 77 3854
5155 9 498
5130 36 1814
5933 51 2594
5459 37 1871
5157 48 2421
5650 67 3377
5617 40 2032
5418 42 2149
5827 108 5415
5839 38 1941
5331 53 2687
5839 20 1024
5839 20 1025
5937 12 602
5540 79 3958
5566 39 1990
5452 18 929
5899 19 951
5906 3 200
5942 14 741
5942 14 745
5933 93 4653
5921 116 5812
5489 77 3860
5916 33 1664
5929 78 3907
5262 145 7296
5151 115 5797
5758 103 5167
5154 98 4904
5904 22 1141
5516 95 4798
5516 95 4799
5273 48 2422
5273 48 2444
5437 173 8694
5499 125 6298
5823 177 8890
5808 108 5402
5179 47 2366
5411 111 5568
5280 34 1730
5709 112 5631
5411 78 3936
5827 132 6628
5185 66 3345
5433 61 3071
5151 131 6566
5525 7 390
5459 187 9382
5522 18 938
5710 46 2334
5419 104 5220
5705 55 2768
5705 40 2018
5509 34 1710
5531 10 515
5540 50 2543
5705 51 2584
5705 52 2639
5731 9 461
5891 113 5696
5419 11 563
5430 9 492
5513 60 3032
5606 4 234
5508 48 2406
5772 14 715
5566 35 1752
5333 27 1391
5433 129 6494
5916 8 448
5151 97 4869
5470 48 2417
5187 48 2438
5540 16 814
5187 189 9477
5758 46 2309
5925 92 4629
5930 32 1617
5278 34 1737
5262 57 2882
5340 38 1908
5154 29 1482
5583 32 1623
5726 35 1751
5726 35 1754
5507 3 182
5470 53 2659
5157 53 2697
5705 146 7322
5440 32 1650
5412 141 7091
5229 75 3784
5521 71 3568
5187 17 856
5185 27 1354
5344 58 2921
5462 20 1011
5160 20 1025
5191 39 1960
5452 36 1815
5480 38 1906
5450 25 1257
5741 1 54
5353 36 1807
5397 40 2013
5338 31 1567
5433 122 6126
5541 75 3756
5767 32 1627
5127 84 4246
5179 228 11421
5561 52 2617
5516 57 2900
5273 64 3216
5830 39 1978
5905 28 1433
5371 44 2211
5822 16 845
5459 122 6150
5497 128 6449
5191 74 3707
5762 134 6736
5153 10 530
5478 13 655
5558 12 622
5710 14 708
5354 7 389
5408 27 1374
5151 101 5051
5609 3 169
5367 3 178
5332 198 9925
5507 37 1872
5470 39 1997
5783 66 3302
5731 23 1183
5501 47 2360
5832 44 2210
5497 4 225
5385 184 9228
5509 11 573
5128 35 1770
5531 50 2512
5384 101 5064
5497 87 4356
5153 109 5463
5151 158 7901
5130 101 5064
5609 28 1440
5769 60 3016
5850 8 430
5937 15 757
5229 8 443
5394 33 1661
5482 22 1130
5512 214 10706
5340 3 185
5643 48 2428
5564 114 5716
5564 114 5717
5452 26 1326
5361 40 2012
5418 28 1405
5598 37 1898
5487 47 2375
5191 91 4595
5777 16 820
5769 71 3555
5281 56 2843
5712 58 2935
5169 100 5037
5459 216 10820
5151 173 8659
5904 19 995
5925 56 2836
5169 127 6364
5933 29 1459
5169 0 27
5169 0 39
5527 12 604
5151 145 7287
5452 16 832
5127 30 1512
5705 189 9490
5459 113 5660
5333 94 4743
5370 121 6052
5515 66 3314
5531 30 1546
5215 16 820
5769 37 1885
5490 2 138
5490 3 199
5824 104 5204
5187 92 4606
5532 91 4589
5782 57 2895
5782 58 2905
5886 15 791
5782 155 7761
5385 4 221
5169 59 2990
5390 32 1645
5558 27 1386
5850 80 4027
5808 82 4134
5767 18 941
5517 0 7
5490 11 572
5653 67 3381
5653 68 3421
5719 13 672
5519 82 4147
5179 34 1719
5393 40 2012
5394 38 1914
5588 7 366
5558 74 3723
5724 6 318
5804 167 8393
5691 36 1845
5512 95 4777
5929 32 1610
5203 64 3210
5433 155 7767
5729 85 4292
5527 44 2243
5187 175 8774
5370 47 2378
5425 51 2580
5519 142 7132
5382 60 3001
5804 143 7192
5370 17 868
5912 81 4057
5169 21 1094
5364 82 4139
5385 151 7582
5487 48 2449
5412 121 6074
5127 126 6322
5237 60 3023
5733 26 1308
5724 32 1649
5891 173 8689
5412 109 5471
5499 43 2165
5938 10 536
5368 119 5972
5532 54 2719
5583 0 27
5157 79 3986
5561 18 907
5361 74 3702
5769 36 1849
5171 28 1408
5171 28 1425
5525 28 1449
5905 38 1941
5720 38 1920
5650 57 2877
5830 116 5837
5127 20 1002
5127 20 1050
5519 139 6951
5722 16 842
5765 10 501
5906 197 9881
5741 53 2668
5933 203 10153
5650 17 855
5211 15 768
5333 87 4386
5151 219 10979
5235 60 3004
5824 87 4364
5845 51 2578
5561 23 1195
5588 142 7143
5588 143 7174
5136 60 3024
5720 6 317
5515 117 5897
5436 129 6497
5437 130 6536
5504 19 964
5653 50 2541
5233 14 736
5399 2 127
5821 19 952
5767 57 2879
5776 46 2344
5921 36 1816
5656 63 3188
5765 62 3136
5783 118 5904
5332 138 6919
5507 21 1079
5508 105 5283
5433 67 3359
5433 67 3361
5504 14 702
5650 19 974
5656 21 1096
5541 3 200
5478 30 1507
5122 0 5
5122 9 474
5819 35 1800
5914 39 1957
5527 79 3967
5782 134 6735
5719 39 1977
5536 10 509
5331 202 10146
5340 70 3511
5804 173 8661
5382 45 2277
5709 68 3410
5436 113 5686
5726 79 3999
5528 38 1920
5517 21 1051
5819 220 11015
5474 45 2299
5540 74 3741
5601 0 10
5933 24 1205
5909 4 236
5189 2 123
5370 105 5282
5334 37 1851
5719 58 2917
5508 12 635
5914 125 6273
5371 14 721
5531 34 1734
5558 15 771
5208 42 2107
5532 65 3278
5607 83 4168
5921 17 880
5933 61 3055
5933 61 3078
5191 34 1748
5459 150 7548
5412 93 4663
5516 30 1513
5516 30 1522
5332 168 8420
5459 8 446
5557 33 1665
5564 71 3581
5607 62 3107
5411 114 5718
5364 102 5121
5762 203 10167
5923 11 589
5930 41 2058
5368 127 6372
5705 152 7641
5839 31 1567
5411 185 9258
5705 57 2856
5195 3 176
5779 15 753
5263 10 524
5531 28 1403
5653 36 1820
5177 25 1290
5273 66 3332
5371 65 3269
5371 65 3280
5371 66 3341
5262 155 7763
5643 11 595
5437 9 483
5391 33 1678
5541 80 4044
5525 35 1789
5923 35 1757
5511 58 2939
5478 9 459
5515 50 2513
5914 120 6017
5489 52 2634
5280 88 4408
5280 89 4453
5368 70 3525
5270 30 1527
5366 21 1091
5397 12 648
5598 86 4305
5906 122 6115
5906 123 6185
5718 11 599
5497 37 1869
5154 138 6905
5909 63 3161
5909 10 539
5850 151 7564
5364 161 8080
5758 98 4938
5504 1 60
5237 12 632
5519 159 7976
5512 177 8874
5531 82 4128
5521 62 3114
5933 41 2091
5937 48 2435
5208 15 767
5433 92 4644
5569 2 117
5809 64 3243
5525 44 2224
5489 24 1210
5850 93 4683
5906 126 6304
5195 71 3592
5419 86 4346
5437 58 2908
5418 127 6395
5509 27 1364
5725 22 1123
5892 1 62
5122 23 1200
5329 19 951
5328 87 4399
5654 30 1523
5533 18 923
5941 29 1492
5197 22 1144
5462 45 2290
5832 35 1770
5937 35 1799
5332 36 1802
5332 37 1867
5122 19 973
5122 20 1019
5161 3 157
5412 101 5097
5569 17 888
5501 17 854
5933 188 9441
5157 107 5365
5155 63 3195
5684 7 358
5710 73 3700
5850 97 4851
5762 112 5632
5827 18 925
5433 85 4260
5921 19 960
5385 113 5695
5155 129 6481
5519 53 2685
5521 7 357
5824 222 11107
5761 8 448
5558 82 4146
5462 35 1755
5779 46 2345
5561 3 184
5154 108 5435
5401 11 567
5272 11 572
5214 34 1702
5340 72 3650
5499 150 7534
5691 61 3061
5528 46 2331
5824 93 4657
5918 4 214
5878 5 282
5643 28 1403
5397 143 7192
5824 46 2335
5823 77 3862
5617 57 2869
5824 319 15973
5154 65 3274
5214 78 3933
5272 18 937
5418 157 7878
5394 43 2165
5712 64 3213
5712 65 3278
5331 110 5527
5762 26 1316
5932 7 358
5235 53 2680
5187 93 4688
5154 156 7810
5280 180 9016
5521 24 1223
5606 25 1258
5839 53 2676
5598 39 1951
5229 12 625
5360 5 266
5501 27 1354
5507 17 883
5769 23 1157
5564 212 10624
5733 73 3667
5733 73 3679
5695 32 1645
5368 55 2779
5705 143 7175
5474 14 727
5499 48 2432
5169 31 1593
5169 201 10053
5266 7 362
5266 7 368
5377 23 1182
5517 14 704
5418 125 6278
5266 6 331
5334 21 1089
5344 53 2653
5561 87 4394
5146 35 1798
5411 127 6378
5809 34 1741
5482 25 1292
5691 92 4614
5783 25 1262
5891 185 9284
5891 186 9336
5822 36 1823
5128 4 233
5437 87 4380
5146 54 2703
5598 61 3087
5364 188 9443
5830 130 6512
5273 8 421
5691 176 8829
5712 13 683
5938 0 38
5921 148 7408
5273 73 3694
5512 148 7414
5606 97 4890
5767 106 5315
5214 61 3087
5810 19 956
5607 32 1649
5824 201 10073
5157 89 4482
5184 33 1673
5478 11 568
5385 165 8279
5823 138 6933
5512 51 2557
5397 100 5050
5214 28 1411
5581 47 2377
5169 176 8809
5370 75 3776
5262 60 3037
5462 7 370
5169 161 8065
5703 20 1043
5540 25 1256
5586 198 9929
5445 38 1921
5519 17 854
5194 9 477
5561 94 4740
5515 175 8759
5187 170 8506
5263 47 2362
5262 143 7165
5614 3 160
5367 15 781
5151 104 5235
5607 46 2303
5513 12 615
5368 22 1128
5877 12 636
5564 128 6426
5278 112 5650
5819 179 8983
5527 58 2910
5273 55 2785
5153 90 4513
5532 82 4137
5364 46 2307
5364 46 2319
5179 132 6622
5179 133 6688
5331 155 7790
5517 10 515
5440 42 2150
5187 39 2000
5525 50 2517
5694 11 566
5332 8 423
5332 9 461
5691 53 2679
5328 13 664
5712 79 3963
5382 90 4541
5520 1 84
5709 80 4024
5924 38 1925
5946 11 568
5478 2 107
5233 64 3207
5910 28 1411
5588 164 8246
5280 25 1297
5719 22 1101
5419 133 6688
5589 93 4692
5499 140 7042
5557 133 6668
5377 25 1272
5331 160 8011
5437 120 6007
5946 36 1814
5155 49 2460
5333 16 830
5440 35 1759
5767 161 8076
5142 13 685
5480 2 124
5929 110 5546
5730 47 2383
5730 29 1452
5412 70 3529
5653 10 503
5598 77 3858
5598 78 3918
5830 284 14233
5203 0 1
5197 14 718
5179 140 7034
5189 7 365
5385 96 4805
5385 96 4827
5385 96 4838
5756 5 291
5697 13 689
5390 12 612
5850 5 255
5412 16 801
5470 65 3264
5771 37 1868
5147 0 8
5365 22 1123
5480 32 1627
5169 92 4630
5368 84 4238
5830 72 3638
5709 103 5183
5154 178 8903
5397 133 6685
5831 51 2598
5823 101 5069
5830 188 9448
5203 101 5091
5709 99 4953
5712 7 381
5440 45 2277
5709 7 397
5921 80 4003
5124 41 2091
5278 96 4839
5211 23 1169
5906 83 4177
5586 74 3710
5767 176 8846
5370 26 1329
5830 11 571
5536 38 1923
5478 22 1115
5643 15 762
5729 3 191
5804 25 1281
5831 137 6861
5937 34 1729
5154 85 4297
5891 169 8478
5921 154 7718
5832 18 932
5929 77 3877
5474 10 504
5497 21 1064
5203 68 3419
5331 221 11068
5328 102 5105
5527 104 5240
5755 24 1202
5606 54 2715
5606 55 2778
5776 13 671
5397 104 5226
5819 117 5894
5353 52 2611
5588 34 1713
5588 35 1779
5730 14 711
5361 169 8454
5361 169 8481
5419 92 4615
5485 3 164
5531 92 4614
5695 7 388
5474 43 2195
5478 23 1160
5607 38 1944
5154 48 2413
5191 100 5035
5586 200 10010
5597 62 3141
5181 19 956
5391 23 1185
5508 25 1258
5643 59 2955
5650 73 3658
5179 7 362
5179 7 398
5169 94 4720
5839 5 285
5506 9 493
5397 95 4798
5179 54 2726
5211 42 2131
5229 73 3689
5179 190 9533
5518 17 876
5569 18 902
5691 97 4864
5509 39 1994
5758 71 3559
5154 154 7706
5153 2 124
5399 27 1374
5705 184 9229
5712 104 5215
5262 30 1513
5179 94 4747
5169 144 7246
5437 60 3016
5506 29 1465
5541 47 2392
5364 93 4662
5273 90 4541
5896 55 2752
5361 141 7078
5519 174 8746
5782 108 5403
5914 23 1197
5124 27 1359
5360 16 810
5331 212 10647
5331 213 10685
5171 69 3491
5891 109 5475
5155 1 69
5382 210 10515
5275 33 1692
5598 24 1243
5607 25 1258
5191 46 2341
5237 45 2257
5897 26 1318
5821 50 2524
5208 50 2510
5444 37 1884
5519 189 9472
5278 22 1110
5824 189 9498
5824 190 9502
5382 184 9217
5916 26 1342
5539 13 687
5235 35 1789
5361 121 6054
5586 191 9554
5364 185 9279
5393 15 800
5929 114 5748
5397 114 5737
5444 39 1976
5375 32 1606
5154 105 5258
5730 55 2800
5277 15 792
5536 88 4412
5187 68 3434
5583 15 800
5512 79 3968
5515 132 6636
5353 28 1424
5905 50 2513
5164 26 1326
5169 190 9527
5203 72 3602
5561 69 3457
5823 67 3379
5921 27 1398
5436 20 1019
5216 10 507
5344 57 2894
5154 41 2090
5470 50 2521
5712 62 3147
5390 6 309
5208 156 7818
5382 142 7139
5821 20 1010
5933 146 7348
5153 34 1734
5617 1 54
5617 2 150
5275 22 1144
5382 158 7942
5164 30 1534
5179 220 11041
5384 64 3207
5408 24 1230
5408 25 1256
5532 74 3737
5804 172 8604
5499 53 2672
5850 105 5284
5399 52 2638
5153 80 4020
5153 80 4032
5155 143 7172
5187 223 11155
5343 15 788
5151 99 4975
5151 129 6469
5942 13 687
5564 26 1335
5197 24 1244
5382 178 8917
5697 9 468
5694 46 2307
5412 170 8550
5334 29 1468
5229 58 2940
5769 58 2910
5776 48 2419
5691 50 2545
5823 272 13642
5741 0 8
5512 190 9503
5512 109 5457
5512 109 5470
5528 65 3256
5783 129 6485
5138 5 261
5921 151 7569
5932 17 857
5470 47 2370
5181 18 937
5262 110 5545
5263 33 1658
5557 113 5656
5918 21 1075
5157 82 4123
5338 5 289
5340 74 3701
5705 31 1589
5411 11 579
5262 159 7984
5436 2 101
5332 19 982
5564 17 871
5929 21 1097
5154 72 3642
5233 17 867
5361 184 9221
5281 39 1999
5536 81 4068
5134 26 1311
5134 26 1322
5497 27 1399
5189 10 525
5709 85 4278
5384 88 4442
5384 198 9906
5403 24 1231
5418 118 5930
5418 119 5960
5762 67 3374
5726 41 2056
5375 15 763
5650 46 2319
5561 66 3343
5935 35 1798
5935 42 2136
5519 59 2983
5694 31 1597
5906 138 6919
5819 60 3036
5203 107 5397
5384 61 3100
5733 120 6043
5910 44 2203
5906 19 966
5565 23 1157
5375 8 411
5564 4 246
5581 41 2089
5762 90 4531
5776 19 955
5185 42 2111
5187 1 89
5771 9 458
5733 66 3317
5433 110 5538
5741 43 2154
5925 104 5226
5930 12 621
5154 60 3016
5271 5 270
5384 196 9810
5384 197 9898
5375 6 304
5541 117 5894
5436 42 2120
5946 62 3110
5208 64 3240
5273 140 7005
5412 137 6863
5709 25 1300
5593 41 2089
5532 22 1103
5769 30 1540
5195 32 1628
5411 121 6071
5451 16 803
5774 55 2799
5906 76 3850
5891 86 4302
5607 12 647
5892 23 1179
5278 70 3512
5333 14 703
5418 135 6779
5153 77 3895
5589 15 800
5892 18 903
5147 43 2185
5516 62 3134
5208 122 6142
5208 123 6152
5519 65 3267
5906 114 5707
5419 110 5545
5933 12 609
5127 12 633
5332 4 248
5390 42 2105
5810 53 2653
5905 73 3691
5433 56 2817
5331 222 11107
5540 2 134
5598 112 5633
5755 28 1427
5262 168 8418
5762 10 527
5384 43 2198
5885 3 176
5130 24 1212
5425 36 1836
5235 11 579
5824 339 16998
5128 16 842
5128 33 1700
5581 39 2000
5462 10 506
5540 0 18
5169 195 9762
5933 141 7052
5124 22 1103
5540 57 2870
5564 137 6881
5933 182 9141
5189 20 1002
5824 112 5606
5204 75 3788
5909 40 2026
5849 87 4387
5930 15 762
5130 34 1730
5937 21 1084
5122 11 558
5208 44 2243
5340 5 252
5506 23 1173
5134 24 1235
5326 54 2717
5326 55 2781
5151 32 1615
5425 15 752
5519 192 9635
5273 150 7502
5522 6 315
5921 142 7145
5921 142 7149
5375 4 229
5778 14 705
5925 197 9883
5237 23 1157
5419 137 6874
5589 87 4351
5731 2 146
5758 14 740
5153 20 1042
5440 46 2334
5440 47 2372
5332 184 9230
5512 188 9442
5845 49 2461
5909 37 1861
5654 39 1969
5280 29 1499
5204 8 411
5506 49 2488
5522 10 513
5179 59 2975
5179 30 1535
5437 146 7302
5895 12 618
5823 267 13390
5762 76 3846
5946 49 2487
5767 79 3969
5566 37 1863
5281 24 1240
5705 49 2480
5368 134 6735
5376 8 427
5705 58 2924
5419 100 5027
5765 72 3648
5138 9 466
5691 37 1893
5273 58 2907
5154 125 6295
5233 56 2826
5263 60 3031
5722 29 1486
5151 133 6693
5273 115 5780
5896 50 2521
5849 35 1795
5280 123 6182
5366 30 1511
5490 9 462
5516 6 323
5923 42 2113
5830 245 12255
5914 92 4623
5339 39 1993
5237 51 2592
5614 19 954
5650 45 2263
5371 1 88
5516 59 2974
5832 43 2198
5412 4 209
5512 201 10059
5606 23 1184
5331 90 4501
5194 23 1164
5391 2 126
5824 78 3902
5214 76 3836
5403 28 1445
5403 28 1450
5512 54 2717
5703 31 1562
5391 14 736
5211 94 4704
5409 19 975
5191 4 232
5459 178 8910
5879 36 1814
5368 39 1978
5153 63 3187
5171 57 2886
5478 45 2297
5437 21 1076
5375 2 142
5127 4 246
5385 124 6244
5154 8 403
5440 1 97
5501 36 1808
5501 36 1823
5527 102 5107
5581 65 3262
5382 66 3313
5197 38 1931
5281 43 2176
5179 32 1622
5151 94 4703
5331 30 1509
5130 62 3143
5185 33 1680
5262 88 4412
5397 118 5911
5758 3 170
5824 326 16326
5272 55 2758
5531 7 380
5564 217 10893
5935 66 3343
5436 107 5390
5208 82 4122
5278 23 1151
5870 20 1050
5532 16 842
5607 92 4649
5824 109 5495
5204 23 1159
5564 225 11288
5767 114 5722
5565 21 1083
5769 63 3200
5891 3 159
5912 42 2121
5507 19 981
5169 40 2007
5160 27 1367
5500 3 168
5820 13 678
5179 96 4832
5771 21 1052
5906 90 4531
5643 60 3006
5891 40 2035
5262 152 7617
5332 106 5324
5332 107 5356
5191 12 620
5191 12 621
5532 116 5803
5187 159 7982
5187 160 8006
5783 52 2635
5487 41 2059
5411 52 2613
5411 53 2669
5418 128 6425
5418 128 6444
5418 129 6459
5778 24 1233
5826 44 2208
5452 14 705
5850 21 1081
5401 19 982
5539 26 1332
5724 30 1516
5588 91 4580
5891 97 4861
5520 12 610
5343 24 1239
5445 35 1782
5151 31 1581
5215 39 1996
5262 175 8786
5278 91 4552
5891 73 3665
5326 64 3234
5263 61 3099
5332 13 652
5425 27 1371
5904 14 732
5208 52 2633
5499 115 5754
5827 68 3412
5938 56 2825
5412 153 7686
5179 183 9193
5184 23 1194
5703 5 290
5767 103 5162
5656 33 1680
5656 33 1697
5470 31 1552
5767 209 10491
5419 54 2732
5194 11 587
5762 141 7069
5157 11 566
5187 88 4418
5281 11 562
5515 115 5779
5643 1 60
5703 51 2599
5204 141 7068
5916 5 272
5376 42 2103
5654 57 2888
5216 6 329
5179 142 7142
5411 163 8173
5403 35 1767
5403 35 1775
5179 224 11217
5653 58 2916
5214 36 1849
5719 43 2196
5412 48 2430
5515 205 10255
5925 137 6853
5925 137 6895
5130 42 2126
5463 15 765
5656 52 2603
5326 57 2877
5712 121 6068
5235 23 1157
5280 14 714
5366 18 926
5428 4 248
5428 5 292
5418 13 667
5609 24 1215
5705 163 8188
5487 60 3001
5147 7 383
5691 130 6523
5462 57 2886
5916 34 1707
5824 0 12
5906 111 5599
5694 55 2797
5832 15 773
5531 87 4382
5208 99 4969
5280 39 1964
5368 78 3907
5617 33 1673
5904 8 436
5904 9 485
5827 44 2236
5497 88 4428
5497 88 4444
5705 181 9068
5891 24 1225
5170 20 1016
5262 178 8912
5564 65 3270
5541 73 3690
5823 167 8374
5513 29 1452
5719 27 1361
5436 46 2343
5127 73 3660
5533 9 465
5331 98 4914
5390 46 2336
5654 44 2241
5215 28 1403
5204 110 5528
5463 16 823
5419 22 1136
5942 5 290
5588 36 1818
5778 30 1516
5712 67 3392
5509 59 2999
5709 83 4183
5331 174 8735
5122 7 400
5153 97 4852
5153 97 4886
5170 23 1151
5192 14 717
5653 14 739
5653 81 4057
5710 11 553
5710 12 601
5519 62 3110
5370 119 5964
5331 123 6184
5179 85 4270
5946 71 3571
5204 18 949
5233 99 4982
5512 103 5152
5758 64 3248
5531 27 1397
5263 65 3279
5519 118 5921
5558 38 1903
5450 13 686
5185 53 2698
5499 87 4398
5557 143 7170
5782 35 1774
5782 36 1845
5151 180 9021
5271 3 200
5418 172 8625
5881 12 623
5154 89 4469
